347405.11989588954
348026.56616539997
342600.2048808749
326877.3133259499
330090.0908038259
331456.27259110886
321185.11495209456
321441.66376108833
317964.29104075633
308441.3846767983
307301.99702216417
317534.96377803135
304359.3882485965
298109.9365555887
292009.9204618953
290878.9193084113
291468.09775608504
291174.9917970045
287376.0161477196
286401.114574613
279941.3865240913
278492.32867486274
278577.723193777
274696.70175947115
268906.42334107205
261658.26975744846
264959.0690974719
262657.1375948728
253929.0027933992
253186.3185127176
249187.12665493495
247073.52372828155
244256.921940525
213002.45192340296
223100.91551391745
219820.49967003253
228178.43293156417
198971.92927888263
209890.16195191036
189026.2478055284
191490.60785062355
155707.47136958098
146217.6089148609
137253.95033154034
129710.6895219243
140269.7693078527
147206.54722963506
122037.29609751244
115982.60615304808
112043.7854770709
104733.43840047918
105556.90590887758
96786.5857415302
90287.49076984059
92439.91268556507
92599.55366187637
83788.37714084004
83250.06616466018
78668.7222439506
79014.54830062135
63060.27914601739
68561.72605902096
60806.11896569538
59544.754473143315
55843.649723792405
53954.3023720955
48149.75085688382
49267.49302196251
47412.6695391822
46224.361313148096
43542.158034856766
37546.339406882966
35918.972937765735
35724.097292545215
33116.428727060425
30551.9706753712
33770.17239864454
27585.921115583435
28004.05428499057
25563.437878759
25600.786739680625
22766.48917974835
22456.021625449066
20179.579050839166
17780.38172539319
17531.5892988059
15143.776039526385
14785.362807887122
13971.03978300816
13274.254677180961
11319.31305058041
10476.334683186331
8079.676026041055
6965.732342009663
6208.817703582934
5948.385230710468
4063.193784609281
3677.6413154302772
2270.7439152801903
1348.3352216687053
342699.13637812034
347757.1925637281
339935.17396811827
324250.37620965426
328800.76561524486
326029.7023030577
325021.30094622145
310344.548529848
316057.1523802655
306996.07587638736
309062.6447225587
309335.10231100395
299268.63379396097
293176.76531487337
287152.9742551061
294954.39251811063
295006.8720780863
288438.84973140305
275522.477387395
280212.3206281602
272944.51961826393
279093.1744791037
264853.83186876844
266658.6326243274
264271.30660281406
257170.274004055
256587.74873810058
255232.06645857403
249237.4420976147
245312.53644486907
243704.86940746108
231438.4632959576
224127.8428499855
217364.18149972407
212053.96597493681
192055.86533843595
198339.156563527
234411.7488781503
163991.36025314202
180640.98235737724
163638.69573127586
176927.59309344407
162253.72390600148
144891.99525356485
142851.05688503856
117556.79438254925
123373.10124539772
129833.41897303925
125437.66110209728
109451.40361693886
107972.06373402424
94396.55595754723
94939.56394484929
91236.5239393574
80990.08968608803
79426.71815633705
81686.16825316696
77752.33460858284
78452.83009400894
65662.60964817119
66879.29404732182
63334.15915163204
64250.59645450378
54143.11248859107
52423.7973234778
49713.558792505115
49139.38833073326
42796.68948145794
44250.17872631471
39622.006886094285
36938.82979266486
37020.19719771414
35618.3559721979
33685.09947572305
32141.250731217908
30374.228804322127
28858.3509833647
27879.65588209605
26903.98352587419
24282.888876820227
21490.736017970154
21700.258724593605
19969.178351327617
18373.588831965742
16588.267155891084
15541.93795933435
15742.102702206106
13044.836725059065
11310.694775896342
11930.513001230745
9237.52353107697
8513.555672350562
7841.429492443643
6275.37552140809
5165.286833336798
4371.995955703738
2902.5385574003826
1863.0055068261345
1227.2130450340549
350471.1958864473
248115.79749336973
239447.12007497047
240325.53749653796
229830.74869154824
213293.07713244786
207882.0270832469
184409.93755273722
