110099.9327711631
111558.54910772116
141291.99289160664
144409.06999902826
120077.25288683281
104326.41289071205
115953.99963313885
141590.16503959976
99499.14223333358
122699.92721929688
130969.9307723488
110677.87714329468
143015.57223258395
161809.38381366624
158920.3207017688
132755.2645829572
157345.83711340593
132807.13390162357
152553.64553226193
150726.4302054033
145949.7436805431
144935.15031547775
121732.12542137329
139969.8183063521
136472.64124087317
130521.66653564665
133472.1277707306
132395.15693539244
123746.94033332386
122483.38418392264
119019.78627544903
117568.12266312586
114887.90482105955
113256.07902883478
109346.85838067775
108292.90971762917
108935.73624366151
104033.37237742555
103333.39505010433
99201.15052438813
99691.28510774049
96420.10766559132
93266.76713278914
90345.63949866006
89704.03207761963
91095.70626117266
89111.81294733513
86614.8530100625
81028.51589049776
81304.5421570297
77552.32116930193
85053.37507175787
83979.7427385207
79253.10296650174
78587.48635330502
77063.31820762194
73369.49378025289
71003.84944509604
71102.64135388823
71252.41607926444
59407.779708633534
62188.58018961281
56482.56754745858
58329.051605705194
54779.464471238054
53055.253216198194
47178.08408255538
49145.207945612565
47081.59127060704
45787.64833818843
42784.390310497314
37536.64103912916
35909.27457001193
35630.15510301446
33116.428727060425
30551.9706753712
33700.5337297185
27585.921115583435
28004.05428499057
25563.437878759
25600.786739680625
22766.48917974835
22456.021625449066
20179.579050839166
17780.38172539319
17531.5892988059
15143.776039526385
14785.362807887122
13971.03978300816
13274.254677180961
11319.31305058041
10476.334683186331
8079.676026041055
6965.732342009663
6208.817703582934
5948.385230710468
4063.193784609281
3677.6413154302772
2270.7439152801903
1348.3352216687053
108192.19795857265
106746.51481678794
105767.48968915286
100257.06288046042
140405.2717979017
100927.28583700107
113323.68989322278
134478.50241773942
98108.38087757253
129272.27143679748
110112.8914154575
105752.40660176422
163469.53131444062
134343.30046062602
151696.26560243865
135676.35430373184
156399.58789033332
132222.30546399715
145846.80962351162
143645.51273139924
139958.37259657698
142970.88835534203
132854.5695636636
134892.86916832265
131566.97036191085
124640.93964501753
123896.67465196268
124189.03111167598
119483.8234046172
118749.07820901144
114644.10220538612
110351.6389504648
113780.96388129481
110598.79312624954
110507.02944687013
107298.90926723905
103767.78641243905
105446.8218171728
96226.3984548611
100196.75241576675
97281.28613936288
95708.44741663394
93920.56307542615
90833.70486893819
89797.01661124993
84188.99892558326
85564.52391489904
85306.03718648433
81221.45080978742
78259.926373749
85723.5980282985
81539.79810265558
78817.43050618532
78090.35560626483
74446.84662157556
73276.01814365968
75183.7529562501
71333.20425483477
69620.70753320595
60624.22290337457
60937.62309008759
60842.96469661106
58844.062575961194
53392.51834326907
51216.50502116969
48531.4770403034
47957.060773876656
42315.246571218435
43813.46575135505
39234.50616538553
36935.50863546902
37016.87604051829
35618.228142662345
33685.09947572305
32141.250731217908
30364.53043656832
28858.3509833647
27879.65588209605
26903.98352587419
24282.888876820227
21490.736017970154
21700.258724593605
19969.178351327617
18373.588831965742
16588.267155891084
15541.93795933435
15742.102702206106
13044.836725059065
11310.694775896342
11930.513001230745
9237.52353107697
8513.555672350562
7841.429492443643
6275.37552140809
5165.286833336798
4371.995955703738
2902.5385574003826
1863.0055068261345
1227.2130450340549
109685.89337136521
117617.21630917849
117771.56369615148
119915.53678915193
113837.78305979121
108919.53358620899
108343.21995768831
106195.44241048473
